66
188
103
50
115
106
143
141
138
76
25
197
88
121
175
28
66
49
8
250
120
154
204
192
207
69
242
194
74
134
78
73
102
40
65
149
162
2
199
71
214
95
196
27
131
195
215
224
207
4
108
247
193
186
27
238
45
165
18
14
229
142
24
4
232
193
113
74
254
7
55
141
82
3
20
204
26
248
198
209
122
60
107
1
141
48
26
80
76
227
11
207
115
239
128
242
73
225
95
14
1
125
141
6
100
246
111
89
109
16
43
61
139
90
144
42
99
26
183
223
208
66
72
227
94
11
207
84
97
21
19
249
219
184
66
159
14
197
150
118
206
128
171
245
34
246
49
48
68
180
244
145
220
175
219
124
85
14
242
60
25
98
127
35
210
1
189
111
113
83
101
20
197
236
247
180
198
47
242
64
164
242
193
208
30
37
58
50
49
180
213
26
25
162
27
177
22
115
85
148
40
57
253
27
189
27
176
43
184
162
121
30
21
227
50
200
28
63
228
237
2
235
88
136
164
83
55
250
12
68
17
175
142
239
91
37
35
162
228
142
236
63
233
36
211
17
225
220
151
190
3
49
234
165
6
188
198
94
105
151
74
49
238
115
255
98
199
31
29
168
243
214
189
128
12
43
245
132
183
219
157
185
55
141
7
129
220
232
174
98
17
74
71
93
189
165
110
102
106
139
200
230
122
159
186
122
141
162
110
53
35
71
153
25
115
250
109
23
237
110
140
2
161
61
116
61
148
137
78
114
0
110
199
57
53
3
176
157
83
42
224
45
16
35
191
121
162
44
144
235
42
45
205
20
0
244
68
145
26
7
48
155
153
202
208
43
230
247
8
203
5
15
199
17
206
172
36
61
19
170
120
225
29
91
105
76
249
64
29
178
153
86
83
76
190
90
167
187
224
193
69
96
191
124
28
221
122
153
161
233
184
189
218
50
97
48
164
115
239
110
200
36
158
15
82
93
116
169
160
37
216
146
173
215
4
125
82
73
69
203
49
47
104
31
195
161
181
228
158
143
248
121
204
91
131
160
0
26
237
242
223
155
200
104
183
161
39
65
48
27
163
152
14
185
76
28
173
78
141
228
69
156
134
241
110
37
126
27
88
202
15
249
121
227
181
229
191
120
169
45
108
149
250
118
121
18
94
13
31
245
27
170
214
205
124
115
8
115
180
213
21
42
251
69
62
166
156
54
58
37
159
44
130
204
8
59
204
75
169
43
134
8
75
222
240
195
238
44
117
179
204
15
175
161
84
59
22
13
171
9
74
183
48
251
156
13
15
213
75
102
153
179
124
86
251
231
253
201
40
57
130
190
94
140
178
214
244
134
118
63
46
240
227
97
34
247
46
157
107
144
121
239
104
186
43
190
95
29
121
233
120
228
152
192
48
229
86
224
153
47
210
226
233
37
65
4
37
115
190
139
144
54
254
86
53
58
154
89
165
83
205
32
171
153
203
141
179
111
110
61
232
170
58
224
42
146
128
53
43
127
132
108
158
29
80
1
147
235
215
94
237
254
36
94
45
64
0
168
150
7
153
179
119
11
225
92
4
241
135
222
137
186
19
165
67
145
178
249
231
238
162
95
160
120
205
17
30
158
102
183
29
247
237
173
179
224
205
238
138
10
214
67
242
148
4
98
40
26
231
201
226
236
207
8
240
127
114
0
60
162
71
62
124
104
129
105
175
0
151
192
90
114
203
129
69
32
43
56
244
13
224
91
93
117
50
65
72
171
188
179
235
46
134
122
206
49
70
178
203
125
126
123
158
7
7
176
68
255
136
51
238
223
247
238
237
104
33
169
186
205
135
44
130
94
141
247
255
38
187
67
76
202
30
80
77
178
129
217
223
244
205
36
194
170
161
150
91
8
19
186
43
131
219
120
124
56
246
80
31
144
166
89
141
150
183
175
161
130
58
141
53
99
158
166
21
38
144
48
244
115
152
191
207
104
58
136
121
96
176
111
178
240
163
241
203
162
108
181
91
177
110
146
115
236
156
27
232
53
242
77
99
95
144
191
90
185
2
186
120
224
98
123
38
90
217
100
30
71
52
94
73
16
152
56
185
122
95
71
208
81
216
100
134
237
56
17
123
169
238
51
128
36
27
59
192
250
182
24
236
245
45
124
40
91
33
198
82
46
12
239
37
84
170
143
138
174
237
195
119
136
194
53
104
244
127
146
130
227
53
69
187
2
194
154
203
151
227
34
244
44
69
64
99
68
7
183
170
74
117
79
80
206
95
79
43
97
85
178
244
217
203
176
99
211
117
17
217
110
115
60
10
186
219
23
44
228
117
65
55
60
168
242
130
110
65
70
187
112
208
21
242
251
21
157
182
97
167
124
162
182
27
78
162
171
110
158
130
67
157
231
137
10
206
8
24
80
29
107
22
222
189
127
101
49
40
3
216
226
196
234
225
41
32
77
96
116
10
250
230
5
76
152
27
244
236
88
119
202
65
226
69
230
191
239
51
99
135
239
228
33
161
124
134
212
106
23
73
166
19
217
162
83
219
218
57
27
37
120
22
148
119
66
156
120
7
75
56
85
52
167
116
20
79
219
8
85
214
83
203
137
123
227
95
245
251
22
175
51
125
90
52
187
161
184
163
204
86
223
50
251
217
123
21
72
86
46
56
131
233
84
84
73
206
117
180
131
245
140
185
31
207
140
192
159
11
210
66
207
37
59
101
176
71
28
35
116
138
127
145
102
165
62
54
183
168
234
142
27
188
78
18
134
71
66
79
138
169
238
92
205
18
155
156
56
18
67
76
183
46
4
51
209
49
244
6
40
166
88
221
34
185
52
14
156
248
75
17
222
61
186
254
124
171
141
74
240
167
139
230
142
81
8
135
254
250
185
163
148
145
38
193
177
156
94
200
139
79
171
110
97
5
200
154
230
173
163
158
27
77
24
24
218
154
160
141
97
244
213
95
104
97
201
254
107
158
169
202
49
128
64
5
105
141
8
165
231
17
88
230
63
37
155
247
235
221
215
19
158
209
151
71
199
179
161
210
181
100
6
121
133
99
139
132
197
51
33
234
152
51
208
187
224
149
51
115
242
249
218
117
108
241
55
211
190
78
169
136
11
242
11
54
111
104
151
126
42
87
239
69
73
30
15
224
246
183
19
75
238
137
203
105
2
186
161
94
71
104
161
200
229
38
115
51
224
144
248
48
212
129
183
82
60
214
24
87
144
61
114
91
177
139
144
35
138
255
180
238
59
121
188
64
2
204
120
184
44
107
43
154
161
201
80
251
244
241
9
131
177
131
1
186
146
135
200
81
185
197
233
90
246
7
184
1
141
116
129
201
4
129
238
60
228
212
56
118
93
245
22
39
152
58
146
225
2
68
227
209
205
208
60
175
213
206
22
63
205
254
96
37
39
171
170
102
37
152
114
120
135
0
58
146
105
26
9
0
42
196
216
175
76
21
29
50
246
6
176
117
65
81
178
77
167
191
128
171
71
236
53
124
67
175
74
191
75
69
85
27
110
125
235
5
162
147
129
206
85
24
175
10
3
165
185
171
196
170
166
223
75
115
16
184
91
119
223
22
240
108
7
194
146
57
2
79
239
220
237
37
48
46
9
254
200
47
170
232
64
208
247
30
221
128
225
18
14
240
171
11
144
56
38
185
59
234
225
113
186
139
135
88
209
50
70
212
255
161
10
91
245
33
94
167
131
162
147
205
251
83
71
221
52
253
232
235
152
255
40
3
223
177
50
131
245
189
226
250
239
206
158
119
183
149
104
14
99
134
248
10
122
121
178
56
255
0
63
106
54
114
124
72
105
117
149
207
185
0
174
173
90
71
176
99
83
80
80
251
84
124
128
169
86
214
110
5
252
184
84
19
75
1
137
177
21
73
40
211
242
74
122
187
117
192
22
18
200
168
19
181
46
168
83
203
164
136
40
5
135
53
125
236
146
201
73
146
78
69
85
25
185
82
14
80
143
158
156
147
75
161
42
146
67
99
63
84
181
128
10
194
222
247
211
7
22
105
42
152
8
60
233
164
90
144
118
120
203
120
174
218
37
7
109
244
108
152
91
9
0
253
153
177
59
72
237
150
70
78
199
176
200
213
233
137
165
192
70
112
53
194
72
222
124
47
181
24
0
36
252
194
82
117
200
58
204
131
36
157
11
213
91
202
29
30
211
17
172
214
1
89
236
198
254
35
12
226
172
47
56
162
26
139
92
178
148
138
208
239
191
140
186
74
99
176
221
247
7
38
243
246
244
180
24
124
241
165
13
47
45
116
144
47
105
42
145
53
34
225
124
215
219
229
241
84
180
242
37
222
185
60
115
28
90
157
56
12
240
213
243
153
237
187
68
192
45
113
150
101
182
175
210
155
139
11
1
33
46
207
26
215
231
126
42
254
63
178
161
98
238
62
62
208
39
73
253
206
137
161
50
187
167
202
218
148
206
20
95
51
181
242
135
170
169
24
248
184
216
116
193
140
239
213
140
150
252
3
214
90
14
108
55
127
1
60
166
4
187
165
212
87
138
99
218
94
6
118
213
163
126
244
22
138
182
80
3
188
60
233
113
192
128
73
120
234
13
145
172
112
200
124
243
218
220
239
234
121
183
72
213
211
43
159
216
64
73
84
174
150
97
95
123
