111
213
204
243
232
253
131
85
81
241
108
133
18
235
216
57
231
11
192
140
176
224
212
36
9
232
154
30
136
194
111
1
100
213
247
212
32
128
84
32
131
178
167
99
1
229
77
47
254
157
122
177
154
73
99
15
176
76
185
249
211
85
74
48
147
183
89
190
231
255
96
63
113
228
123
51
171
163
61
63
31
142
57
48
29
238
68
20
59
95
21
107
132
149
255
11
240
160
222
20
213
49
242
238
103
202
226
31
56
225
229
132
47
31
176
140
206
154
195
55
1
175
252
123
117
46
162
1
98
218
125
178
139
194
11
252
165
38
128
43
120
46
43
45
147
206
36
21
62
15
121
145
240
157
119
79
237
24
204
70
97
177
89
113
223
238
29
158
30
208
61
131
15
62
6
83
16
26
236
120
105
189
227
59
34
252
2
44
29
3
87
144
228
5
36
187
205
77
173
64
85
130
51
22
13
43
34
186
99
96
50
102
110
229
40
61
220
72
52
42
84
37
169
228
79
114
241
199
236
27
226
57
244
22
51
45
24
100
31
203
254
140
156
223
122
172
79
110
53
232
228
29
252
97
59
81
75
227
85
108
137
167
227
119
43
238
44
79
160
53
145
173
29
184
69
108
90
226
69
251
148
13
45
141
13
103
109
132
229
140
156
143
183
250
123
171
92
42
111
46
179
125
28
82
234
50
13
139
74
200
168
68
72
177
185
76
245
248
48
59
207
93
49
160
24
144
52
68
28
66
115
166
151
88
155
96
33
143
166
58
104
194
146
7
211
199
117
32
3
232
40
33
16
143
156
104
44
199
143
62
166
216
228
184
166
226
195
249
79
168
83
162
222
25
93
167
241
18
90
13
202
61
240
120
211
247
113
79
83
85
105
248
17
19
115
81
136
191
208
1
94
220
222
220
241
101
95
43
190
143
198
239
52
236
163
7
56
172
237
124
73
167
128
127
95
230
176
74
240
147
71
55
4
92
79
169
104
250
200
127
150
62
199
235
151
179
123
46
28
247
122
13
71
69
98
255
16
13
227
90
236
45
138
192
158
175
163
66
157
135
122
22
53
29
141
25
155
137
71
56
106
7
42
53
16
203
71
147
83
171
189
149
217
124
23
244
192
70
35
232
153
33
145
112
136
245
126
25
182
226
15
19
126
145
207
132
30
33
217
172
120
67
156
55
55
195
77
138
51
228
144
203
5
138
108
248
188
254
177
129
23
71
137
243
109
174
241
239
180
67
100
240
49
9
106
171
157
175
40
248
139
58
202
207
151
127
11
238
204
102
205
58
254
178
89
75
92
155
246
134
49
207
207
39
155
12
93
225
32
92
33
215
144
181
145
238
26
26
41
217
115
210
206
137
219
193
197
169
100
245
67
160
65
233
18
80
194
185
34
131
221
15
37
5
99
255
197
101
223
103
144
218
207
8
163
189
218
6
113
179
218
13
56
0
113
88
140
121
218
89
226
152
183
7
191
183
153
160
95
212
222
218
211
124
33
213
121
48
58
220
166
207
53
26
92
121
73
35
13
184
166
100
111
237
70
75
77
220
12
252
47
246
205
22
119
74
127
25
110
106
214
46
16
225
245
110
112
43
92
194
151
125
129
19
18
132
33
169
100
62
206
37
102
253
17
30
92
22
80
238
137
118
195
107
226
196
239
9
114
246
31
49
114
255
58
54
91
95
17
134
225
139
84
161
66
47
138
237
82
62
60
252
106
210
0
65
93
72
232
135
53
76
188
141
93
6
178
187
220
93
162
140
37
101
210
78
57
151
252
150
44
63
137
190
191
224
62
239
190
95
254
10
190
8
165
0
213
58
240
181
61
102
212
192
5
105
159
219
195
235
160
130
183
160
254
102
47
144
147
195
151
143
69
117
170
254
247
36
180
176
95
113
118
14
100
41
26
26
249
126
221
68
250
81
166
76
52
20
247
102
63
14
18
240
207
103
54
240
68
187
210
136
22
44
61
206
190
165
241
238
156
190
210
140
46
227
140
237
149
192
204
106
145
247
237
188
249
198
176
8
1
95
27
38
41
186
115
130
95
75
132
156
6
145
175
223
105
186
184
56
164
231
37
225
35
62
192
125
143
189
132
28
198
47
133
46
76
45
5
22
126
231
130
79
229
88
132
190
120
254
57
105
226
189
1
67
38
121
175
239
144
216
172
191
211
25
78
83
251
213
172
95
17
174
90
24
105
151
216
253
249
203
91
110
92
200
103
142
16
204
237
36
18
246
206
253
99
106
64
251
32
189
196
224
118
94
220
47
29
73
59
215
180
200
67
123
248
219
152
122
166
80
176
200
94
168
6
245
178
111
91
214
208
74
51
66
204
111
120
128
70
133
60
168
152
99
86
108
120
8
202
218
47
226
133
218
209
3
196
154
219
238
157
223
238
203
233
79
224
39
215
40
44
133
59
210
163
161
228
69
245
221
184
208
79
9
52
26
146
32
30
188
74
130
69
63
114
190
148
200
33
53
152
237
11
31
22
241
45
134
39
196
239
92
153
187
79
208
116
251
137
237
217
188
75
33
209
30
203
123
22
138
237
138
91
17
33
95
192
111
216
118
212
147
137
137
172
183
49
32
237
13
186
55
98
69
242
62
109
47
11
226
116
233
126
81
108
249
118
59
129
61
156
194
224
105
183
104
163
181
86
165
42
181
247
38
200
249
118
226
47
21
164
207
215
10
52
53
30
76
7
243
29
215
185
238
204
186
143
220
85
16
19
90
219
133
25
235
141
186
123
147
149
71
36
183
137
77
88
163
193
100
50
42
86
209
152
38
114
58
131
93
107
194
57
192
176
110
189
36
249
142
35
112
255
175
154
25
247
239
114
235
96
88
250
64
156
130
89
186
40
154
234
157
114
22
120
16
198
159
19
151
239
206
185
152
198
112
176
170
151
32
25
2
117
222
172
254
92
235
105
105
158
178
56
251
35
64
118
250
131
41
122
131
26
98
87
180
255
209
131
46
238
183
119
116
248
154
141
173
40
61
107
200
175
24
234
55
253
63
11
28
185
182
195
81
208
209
103
235
25
20
198
53
243
238
93
114
132
128
158
110
175
143
135
22
42
160
28
112
198
65
33
83
237
101
53
237
196
74
223
134
10
59
244
116
166
70
223
198
254
30
46
110
189
122
18
241
84
42
41
83
215
21
100
40
199
7
162
151
164
237
162
13
254
136
94
20
131
164
254
132
155
91
166
212
211
11
189
199
173
108
112
114
134
24
131
154
220
154
198
192
8
182
85
39
132
39
135
182
19
104
220
119
78
80
71
175
36
9
191
203
205
63
159
224
149
14
23
189
241
226
120
10
186
81
187
201
94
44
252
139
206
228
118
175
159
32
28
214
243
75
47
210
52
69
164
243
63
246
231
11
6
130
141
23
167
198
206
79
2
218
231
114
151
74
48
228
168
199
207
9
235
131
109
114
25
175
57
183
28
66
84
205
185
10
53
183
113
209
252
149
120
165
207
167
157
43
166
101
248
105
42
24
137
125
46
139
32
187
144
149
22
98
43
127
135
145
247
208
18
174
190
102
190
38
11
255
179
117
126
167
193
84
147
190
225
89
246
72
214
15
208
34
248
175
54
139
180
212
165
7
130
92
122
110
85
4
193
147
237
78
243
93
109
217
236
44
160
53
230
32
0
35
24
196
69
94
247
249
215
125
104
76
194
167
231
96
134
160
10
103
28
237
23
184
102
135
74
153
193
86
211
214
137
185
215
55
183
229
51
45
188
224
63
107
185
63
205
51
191
96
204
158
116
170
171
68
91
139
134
101
218
254
212
91
180
66
65
43
250
155
199
4
201
86
249
244
76
33
162
26
13
129
130
66
150
135
86
210
245
219
25
16
200
230
18
28
197
65
14
172
86
130
160
106
206
94
133
72
165
129
202
233
104
6
160
120
161
4
90
202
3
82
180
113
241
199
215
237
142
32
232
229
107
17
226
196
155
200
195
106
115
254
236
146
26
97
238
99
98
73
238
197
9
234
146
1
196
226
143
8
240
99
120
59
123
34
205
48
36
174
25
87
46
252
251
228
209
95
13
216
146
95
233
117
49
114
184
27
56
72
142
174
226
194
219
28
125
78
172
114
217
151
58
114
103
24
177
20
230
178
61
128
43
199
47
50
55
91
95
156
150
97
26
183
180
79
189
142
251
110
29
82
23
118
237
57
67
69
75
200
136
191
71
224
199
249
29
38
21
95
227
144
18
132
76
254
149
20
195
197
148
135
211
164
86
207
87
50
211
33
106
222
25
0
118
232
131
250
182
233
24
49
240
129
121
202
195
229
197
124
129
157
41
217
172
195
197
78
236
113
248
115
142
155
4
28
134
195
166
218
148
176
57
96
110
231
223
241
79
82
173
162
237
228
216
232
60
161
2
176
81
27
82
42
75
121
212
255
57
24
204
119
96
168
174
168
169
219
53
24
230
110
158
84
106
140
64
21
30
112
60
159
54
74
161
3
234
129
251
106
172
245
5
239
238
64
244
111
159
82
64
176
199
103
28
92
115
115
75
50
167
83
145
243
193
216
205
128
138
204
179
10
189
168
164
168
159
184
240
94
127
118
99
87
231
217
122
101
236
232
107
70
125
76
89
77
14
2
184
4
105
200
117
220
202
71
175
185
136
15
220
153
203
166
238
178
24
112
141
182
26
112
45
216
146
100
223
174
120
182
131
185
242
242
133
151
146
41
255
182
209
176
29
225
251
175
248
206
19
48
174
80
38
204
207
61
33
149
85
181
94
23
13
147
14
100
44
12
239
211
117
24
201
21
198
25
123
62
87
245
186
123
123
184
57
22
226
179
143
131
252
255
29
141
86
53
19
253
27
117
71
90
130
64
119
124
138
233
237
237
120
202
5
185
20
208
43
209
188
94
235
234
71
237
13
154
184
21
192
190
208
203
31
222
125
109
77
241
142
153
163
84
247
118
239
112
67
156
175
101
123
237
100
209
122
224
27
165
67
133
21
85
90
211
51
7
73
200
10
48
30
67
230
197
87
231
61
112
216
98
96
209
247
187
123
41
128
200
58
81
90
59
54
175
157
204
69
255
216
250
76
83
214
7
118
208
202
159
153
50
224
63
191
125
201
175
135
10
127
99
230
145
212
64
205
178
218
149
184
250
158
65
115
219
158
96
102
93
114
86
29
28
248
111
222
151
98
101
142
78
142
174
78
185
133
111
131
82
118
89
164
157
128
208
215
211
10
141
20
74
214
245
100
8
248
10
154
77
133
49
132
206
13
137
181
160
185
54
76
31
48
226
47
236
97
231
29
74
137
24
248
80
135
186
46
30
126
9
37
242
122
204
11
42
208
163
232
196
128
109
179
8
121
126
155
123
42
50
168
84
170
202
83
69
219
161
39
59
66
87
190
158
98
182
60
25
160
211
168
24
149
120
118
0
19
28
226
7
105
77
79
194
232
41
241
36
171
206
69
76
22
129
145
0
138
26
253
70
51
182
25
219
237
149
71
78
107
218
243
38
142
36
228
94
210
145
153
42
219
215
4
81
8
235
188
138
226
129
46
96
236
229
209
104
216
93
211
237
215
184
32
153
16
159
224
175
28
87
234
210
138
249
183
240
0
178
155
100
197
20
141
14
141
120
184
51
8
144
245
79
9
195
56
217
228
239
175
62
4
233
224
17
243
103
216
236
148
185
14
63
209
159
149
58
72
199
158
117
90
247
71
215
23
109
162
45
171
216
138
228
5
206
127
110
128
74
139
163
128
146
164
171
112
232
105
124
129
12
165
188
148
142
40
87
7
7
176
33
144
142
104
112
32
23
195
122
227
182
72
70
229
16
50
37
198
109
236
251
139
119
223
111
7
206
33
182
20
174
173
27
53
18
202
185
90
22
109
210
127
127
112
18
150
199
253
25
23
224
217
211
124
197
197
209
118
63
103
239
147
36
140
59
193
34
120
204
156
38
82
47
120
168
236
225
2
160
128
188
165
126
41
18
202
68
159
81
132
31
161
119
222
158
155
114
18
192
6
171
176
67
38
75
196
246
255
213
252
145
126
38
218
9
153
192
216
119
49
251
32
47
132
76
123
61
103
105
175
66
167
174
205
153
228
149
155
245
25
47
45
111
208
173
110
184
134
202
23
198
43
19
151
105
211
76
92
213
210
232
133
106
145
107
6
254
116
232
130
198
66
149
247
160
119
51
255
38
8
249
129
102
201
176
72
250
176
40
171
121
108
22
160
22
70
16
236
51
49
200
231
99
62
174
137
179
93
118
236
199
244
49
172
59
13
243
97
214
225
218
234
68
193
150
153
70
216
152
244
152
87
159
70
191
189
64
238
163
174
0
233
92
178
242
120
240
220
224
170
22
182
187
134
47
45
106
103
249
241
179
94
115
150
7
38
104
126
60
163
60
208
37
170
200
36
150
134
9
153
95
113
37
212
78
137
69
33
191
192
133
135
239
194
30
78
213
167
224
233
236
180
21
108
125
137
227
21
84
50
229
148
89
185
19
20
24
174
89
157
116
255
109
128
19
79
156
251
96
92
212
40
185
11
188
199
217
42
24
202
14
251
114
46
51
145
45
204
66
236
214
180
246
81
175
108
226
114
206
147
46
151
95
113
162
181
197
139
40
11
170
220
29
169
138
57
88
48
222
177
42
50
62
139
52
60
61
22
143
26
146
65
30
163
178
211
163
5
164
20
15
229
32
182
106
151
150
30
13
66
88
115
116
201
165
53
181
24
159
120
115
98
143
196
208
123
15
111
98
204
0
218
77
32
2
122
170
1
224
40
25
30
218
172
74
79
67
11
117
185
207
145
156
50
57
54
117
105
95
60
169
118
153
65
57
193
156
236
65
217
77
216
24
64
231
233
33
131
251
125
219
46
139
92
95
48
107
204
136
139
102
10
210
46
147
86
210
166
180
151
14
57
156
134
42
175
37
131
217
9
168
161
33
187
222
61
165
9
223
237
221
87
125
103
75
220
200
168
76
9
71
74
155
143
47
128
52
221
218
171
140
125
225
245
177
33
148
246
175
28
223
175
185
88
178
59
109
106
74
206
16
187
182
242
184
198
185
166
80
29
203
80
55
142
37
100
14
75
127
56
149
173
41
86
63
243
233
38
228
229
111
180
78
248
223
214
83
106
1
126
228
254
127
149
15
228
112
6
117
82
212
18
33
58
5
63
241
189
185
18
86
101
74
249
113
78
157
156
209
70
191
159
177
169
17
166
154
185
162
104
36
222
193
75
31
222
67
213
248
212
138
69
179
86
2
24
33
174
88
112
53
124
2
206
5
178
6
70
155
245
217
138
94
189
151
198
108
146
164
200
47
207
244
212
206
23
185
98
22
52
21
12
161
223
243
42
134
1
127
134
157
80
26
211
30
154
158
225
180
121
93
155
31
75
46
68
237
129
28
87
179
1
149
36
198
178
150
241
225
144
64
150
107
242
88
77
226
36
113
90
133
46
212
176
173
120
87
128
228
82
137
168
149
26
221
91
242
53
232
60
51
241
115
149
164
190
103
148
98
69
215
40
165
2
106
197
206
211
210
213
48
170
65
64
251
17
90
182
160
224
171
26
126
155
56
234
49
74
97
141
232
255
244
72
91
115
106
77
133
113
175
49
223
233
58
44
106
178
206
248
194
210
175
247
150
61
87
63
146
214
59
190
47
118
128
133
229
44
232
69
154
13
45
81
214
160
95
62
235
165
178
220
17
209
149
239
43
16
117
4
144
173
88
124
123
202
58
126
33
238
50
228
157
217
118
143
71
170
151
100
67
100
6
109
128
89
1
184
89
187
93
71
27
56
251
94
5
154
138
179
83
251
238
184
141
18
187
183
82
240
105
39
155
17
192
32
3
20
229
117
21
179
165
21
249
39
42
77
96
56
115
243
160
92
40
145
194
151
42
101
26
15
117
209
84
137
143
109
190
82
163
170
149
152
232
255
147
185
203
24
189
122
71
104
143
25
33
25
215
122
217
125
192
103
97
231
231
219
130
12
21
21
196
232
209
166
5
143
5
44
64
143
226
61
39
8
79
83
17
33
69
161
46
181
160
173
154
196
27
123
33
60
169
230
240
222
236
215
247
18
35
156
162
197
68
90
103
55
197
135
56
217
82
97
227
42
32
89
124
221
7
5
73
18
152
191
118
135
252
33
226
74
25
60
215
213
221
238
97
150
222
88
97
220
78
11
20
207
182
81
118
8
148
215
104
136
78
205
78
207
35
28
255
198
20
95
47
117
173
171
222
255
203
160
99
52
241
65
55
23
51
181
114
83
239
6
182
109
31
171
177
225
14
123
21
78
94
9
40
191
35
111
68
238
108
224
38
40
248
42
129
65
219
61
87
204
168
175
240
14
22
173
242
141
61
88
15
54
12
133
97
240
224
146
204
54
128
193
146
81
243
163
230
40
204
213
223
221
17
250
7
140
95
145
249
161
209
196
168
67
15
117
166
11
224
52
141
84
50
142
105
50
130
62
191
211
113
132
221
237
144
43
17
63
58
67
204
6
244
7
58
103
184
206
162
59
74
232
222
194
211
243
73
148
204
79
207
192
16
62
9
141
0
135
231
84
45
135
14
168
58
44
201
43
177
223
53
104
16
138
24
183
84
249
116
96
27
18
220
234
77
109
252
146
210
22
135
97
151
108
176
150
220
46
108
45
40
189
84
107
225
4
197
70
41
37
119
154
76
213
81
212
11
194
254
166
186
194
198
104
250
232
80
3
108
195
3
166
4
114
127
157
194
166
85
211
91
108
238
171
249
191
158
216
234
108
202
225
183
221
8
234
207
70
10
82
53
42
166
58
15
233
55
159
38
38
180
94
21
148
20
188
51
10
204
190
60
77
140
67
173
131
124
101
31
248
25
91
69
53
75
47
168
17
166
95
105
45
60
235
117
48
61
219
255
105
46
26
147
114
205
90
224
67
236
174
121
138
12
103
9
121
139
47
170
189
7
129
171
141
132
216
33
226
154
220
140
4
10
91
91
74
128
68
104
4
146
94
105
49
242
123
57
82
70
92
217
54
39
199
212
81
14
116
254
127
157
125
79
109
235
45
234
114
37
235
47
71
32
111
85
83
253
252
160
10
213
49
143
98
98
117
49
90
18
122
194
87
150
26
166
26
100
214
94
128
104
123
83
82
46
98
94
49
85
16
95
168
25
115
120
214
32
137
124
201
207
127
183
60
95
136
103
221
121
24
207
32
111
129
82
234
8
111
72
107
100
161
103
75
2
141
104
90
11
84
248
219
151
54
77
53
215
116
31
83
4
5
112
125
123
196
57
18
243
124
73
89
133
14
100
68
126
110
210
14
13
200
39
77
7
175
230
205
2
1
188
234
181
21
182
246
114
39
167
19
171
216
11
254
155
232
58
164
151
140
0
197
95
185
238
95
111
158
174
9
13
162
255
27
130
173
239
249
152
113
160
1
68
44
113
98
102
167
253
136
171
24
78
107
23
128
76
77
128
240
74
75
247
221
219
237
162
30
188
165
89
193
64
57
77
63
44
211
201
116
67
216
133
233
57
159
13
14
216
204
109
153
195
208
134
112
166
56
229
34
161
158
242
43
177
87
11
154
39
239
14
46
132
20
150
152
147
63
148
177
168
116
204
202
81
97
11
28
155
13
62
93
210
133
135
109
168
133
76
19
241
175
211
23
113
58
108
8
48
136
101
166
128
150
92
112
252
255
231
65
163
199
216
34
235
4
182
223
62
182
47
75
127
69
178
103
99
159
4
2
28
7
0
199
26
68
38
110
148
20
170
192
61
247
173
235
162
103
85
171
188
248
73
139
27
40
177
52
125
144
112
2
99
17
33
195
40
43
29
254
199
187
133
55
55
159
58
80
240
124
20
221
252
191
164
208
195
80
108
216
233
130
163
227
250
98
236
162
228
58
78
74
20
115
43
94
147
174
202
195
250
127
249
196
106
52
6
205
196
197
99
218
105
234
75
236
51
209
125
78
135
11
69
185
165
90
33
99
194
72
190
94
207
167
42
42
195
250
195
203
40
32
195
184
230
72
44
219
121
183
143
225
70
123
247
77
92
113
23
89
200
185
206
28
99
33
125
210
222
143
9
153
19
151
40
210
190
177
52
103
122
201
180
32
98
235
130
140
93
157
122
26
128
39
94
115
86
216
124
198
223
252
248
53
179
50
150
57
216
58
79
76
18
22
145
191
121
170
79
96
162
169
98
252
96
206
238
234
6
86
136
79
118
168
180
226
60
169
159
75
39
44
76
24
225
240
136
124
35
252
145
0
208
210
235
228
207
7
231
169
36
182
233
119
170
237
248
138
4
194
199
83
255
171
26
187
176
177
106
171
249
42
141
119
73
198
220
236
10
220
219
113
238
6
28
123
117
207
166
242
149
29
0
116
21
217
182
10
98
86
8
144
123
107
178
4
96
95
39
60
25
230
222
80
113
33
63
142
138
25
236
151
31
223
219
206
74
176
98
88
181
38
44
135
91
27
88
35
171
17
35
15
130
54
199
250
21
172
191
237
221
237
172
14
192
166
113
100
83
119
88
99
7
233
10
111
248
119
13
33
179
20
110
62
138
145
56
238
158
114
220
169
191
42
197
220
75
60
143
89
38
22
8
166
29
132
251
23
99
180
194
194
64
226
183
100
9
106
90
209
184
192
144
50
157
179
50
218
37
70
129
61
198
15
152
150
74
226
191
189
210
240
113
125
115
16
234
167
159
123
29
248
253
78
181
161
10
171
239
17
82
212
78
98
71
251
69
75
59
97
80
39
202
188
235
184
220
85
68
142
117
145
6
42
98
178
133
76
232
220
229
13
191
133
233
160
25
5
6
235
186
149
144
114
5
176
1
154
140
201
238
169
212
158
191
81
39
247
63
122
250
48
209
192
46
52
231
169
55
184
185
165
17
93
228
187
29
87
166
50
201
9
49
215
1
161
233
68
68
127
6
56
174
166
169
108
133
213
182
99
45
161
142
189
94
55
204
55
153
242
57
149
39
9
242
109
142
9
115
116
10
184
93
115
100
205
15
25
186
246
120
125
150
100
122
55
57
124
141
167
48
90
34
1
69
27
156
234
81
140
35
50
102
86
61
171
194
1
9
105
37
188
64
185
178
135
236
142
110
141
26
152
180
118
222
143
97
45
117
121
99
61
243
178
119
165
113
99
200
232
156
21
95
12
81
126
13
117
21
217
248
15
106
78
82
126
14
99
209
170
153
158
203
202
30
19
214
29
238
182
90
56
169
201
57
56
148
196
250
117
251
162
163
136
203
158
100
42
51
36
188
142
107
87
20
83
149
14
9
123
144
16
63
158
215
148
77
122
33
3
255
15
22
94
43
55
23
216
251
107
235
18
206
131
103
174
197
129
137
79
152
159
59
185
125
68
117
239
164
249
181
43
136
152
216
111
250
223
24
108
194
87
177
134
183
205
72
103
126
175
208
127
12
219
96
168
143
97
245
238
37
110
234
122
105
126
60
86
157
69
190
70
47
188
87
121
181
139
168
104
57
5
102
108
119
106
192
229
27
204
87
212
200
14
110
245
127
113
215
123
193
40
136
240
168
102
72
46
87
123
161
200
60
131
161
223
166
96
45
192
179
167
143
19
228
198
3
109
183
106
34
217
224
248
61
44
86
59
2
148
29
17
194
195
90
50
183
19
28
17
27
9
185
52
237
37
99
33
152
40
245
54
70
233
165
108
116
18
189
134
239
48
42
71
132
12
95
56
43
55
72
242
85
89
193
5
206
210
41
179
155
54
204
201
236
83
97
181
180
95
124
97
128
12
0
63
35
16
143
51
125
63
212
7
130
80
230
6
129
159
129
1
240
234
115
165
244
94
114
133
157
252
235
195
120
108
4
249
93
87
66
225
169
86
147
190
148
103
241
121
252
62
162
194
222
158
217
187
214
109
7
126
30
172
199
226
74
141
96
199
172
15
176
65
88
227
96
70
27
175
23
197
221
9
208
45
59
71
56
18
249
33
9
129
254
215
75
23
164
141
136
183
216
129
100
158
196
40
170
238
232
124
126
208
4
226
199
162
62
16
124
127
196
37
49
70
9
19
65
208
30
45
230
213
226
215
128
100
41
82
225
73
105
127
61
188
238
194
48
177
110
93
133
78
163
61
234
3
203
29
57
179
235
162
168
97
227
244
32
10
85
39
107
109
181
180
248
42
171
136
109
176
71
40
22
249
46
111
145
139
119
207
119
46
214
230
119
47
38
208
35
21
43
9
251
210
111
35
95
245
32
241
123
71
41
10
203
100
77
184
6
94
52
147
25
198
31
81
224
120
60
151
125
251
108
213
173
12
178
133
143
34
227
131
158
222
89
41
95
228
200
48
206
160
54
234
131
34
135
72
252
133
205
86
35
172
195
69
134
155
125
156
169
6
163
9
214
13
9
51
19
133
15
137
3
15
53
24
234
34
55
119
188
167
80
1
21
88
167
64
139
201
252
64
243
36
123
99
217
246
85
49
28
53
108
92
186
149
17
187
53
56
74
87
225
44
63
200
254
80
176
173
154
123
186
236
115
116
105
134
151
107
115
79
167
1
141
149
146
180
129
176
181
104
121
147
21
122
177
205
240
16
175
179
235
130
255
37
94
152
176
73
87
221
223
141
190
215
108
13
164
79
123
125
192
191
80
25
94
134
136
121
158
17
190
58
61
88
113
177
117
243
178
230
82
64
103
232
110
132
233
240
4
108
103
191
200
186
202
168
253
160
141
25
207
130
104
225
61
207
187
42
146
174
172
124
251
172
128
180
152
60
170
96
244
49
197
135
7
56
160
117
77
15
179
198
162
167
33
218
91
179
224
16
42
45
34
117
135
106
171
149
85
206
82
137
149
120
221
87
53
42
30
232
192
117
108
33
241
107
164
254
193
62
83
113
253
183
93
200
187
101
142
125
77
123
203
246
142
196
75
208
168
8
40
218
213
23
100
231
70
7
117
27
216
215
231
96
133
86
133
228
196
249
197
32
84
89
198
105
230
61
125
233
39
61
130
196
123
83
215
130
129
99
160
74
46
225
105
236
106
157
57
5
44
60
139
109
253
239
239
130
229
151
115
59
41
172
178
22
104
51
113
138
151
126
96
83
145
16
45
121
72
144
68
163
124
193
157
44
142
102
177
224
23
64
126
2
213
195
223
47
95
230
183
40
14
57
110
192
106
195
54
115
8
14
99
156
118
235
39
235
122
231
196
44
173
59
156
50
44
204
69
71
108
80
72
237
117
53
101
112
147
71
236
102
11
186
225
162
2
179
206
6
11
54
138
175
183
3
161
220
34
218
128
21
171
88
87
174
165
65
138
75
4
43
18
172
241
54
110
251
209
34
99
239
110
126
178
238
231
62
163
12
76
131
249
185
190
134
99
223
104
94
124
79
180
23
77
25
63
190
188
138
81
151
66
79
82
64
244
63
43
42
168
246
242
3
232
141
172
114
176
61
165
247
65
115
94
107
153
249
184
130
240
244
137
179
87
